(kicad_pcb (version 20171130) (host pcbnew 5.1.2-f72e74a~84~ubuntu18.04.1)

  (general
    (thickness 1.6)
    (drawings 32)
    (tracks 0)
    (zones 0)
    (modules 98)
    (nets 220)
  )

  (page A4)
  (layers
    (0 F.Cu signal)
    (31 B.Cu signal)
    (32 B.Adhes user)
    (33 F.Adhes user)
    (34 B.Paste user)
    (35 F.Paste user)
    (36 B.SilkS user)
    (37 F.SilkS user)
    (38 B.Mask user)
    (39 F.Mask user)
    (40 Dwgs.User user)
    (41 Cmts.User user)
    (42 Eco1.User user)
    (43 Eco2.User user)
    (44 Edge.Cuts user)
    (45 Margin user)
    (46 B.CrtYd user)
    (47 F.CrtYd user)
    (48 B.Fab user)
    (49 F.Fab user)
  )

  (setup
    (last_trace_width 0.25)
    (trace_clearance 0.2)
    (zone_clearance 0.508)
    (zone_45_only no)
    (trace_min 0.2)
    (via_size 0.8)
    (via_drill 0.4)
    (via_min_size 0.4)
    (via_min_drill 0.3)
    (uvia_size 0.3)
    (uvia_drill 0.1)
    (uvias_allowed no)
    (uvia_min_size 0.2)
    (uvia_min_drill 0.1)
    (edge_width 0.05)
    (segment_width 0.2)
    (pcb_text_width 0.3)
    (pcb_text_size 1.5 1.5)
    (mod_edge_width 0.12)
    (mod_text_size 1 1)
    (mod_text_width 0.15)
    (pad_size 1.524 1.524)
    (pad_drill 0.762)
    (pad_to_mask_clearance 0.051)
    (solder_mask_min_width 0.25)
    (aux_axis_origin 0 0)
    (visible_elements FFFFFF7F)
    (pcbplotparams
      (layerselection 0x010fc_ffffffff)
      (usegerberextensions false)
      (usegerberattributes false)
      (usegerberadvancedattributes false)
      (creategerberjobfile false)
      (excludeedgelayer true)
      (linewidth 0.100000)
      (plotframeref false)
      (viasonmask false)
      (mode 1)
      (useauxorigin false)
      (hpglpennumber 1)
      (hpglpenspeed 20)
      (hpglpendiameter 15.000000)
      (psnegative false)
      (psa4output false)
      (plotreference true)
      (plotvalue true)
      (plotinvisibletext false)
      (padsonsilk false)
      (subtractmaskfromsilk false)
      (outputformat 1)
      (mirror false)
      (drillshape 1)
      (scaleselection 1)
      (outputdirectory ""))
  )

  (net 0 "")
  (net 1 "Net-(C1-Pad2)")
  (net 2 +3V3)
  (net 3 "Net-(C2-Pad2)")
  (net 4 GND)
  (net 5 "Net-(C3-Pad1)")
  (net 6 "Net-(C5-Pad1)")
  (net 7 "Net-(C6-Pad1)")
  (net 8 "Net-(C10-Pad1)")
  (net 9 "Net-(C12-Pad2)")
  (net 10 "Net-(C9-Pad1)")
  (net 11 "Net-(C11-Pad1)")
  (net 12 "Net-(C11-Pad2)")
  (net 13 "Net-(C12-Pad1)")
  (net 14 "Net-(C13-Pad2)")
  (net 15 "Net-(C13-Pad1)")
  (net 16 "Net-(D1-Pad3)")
  (net 17 "Net-(D2-Pad3)")
  (net 18 "Net-(D3-Pad3)")
  (net 19 "Net-(D4-Pad3)")
  (net 20 "Net-(J1-Pad40)")
  (net 21 "Net-(J1-Pad39)")
  (net 22 "Net-(J1-Pad38)")
  (net 23 "Net-(J1-Pad37)")
  (net 24 "Net-(J1-Pad36)")
  (net 25 "Net-(J1-Pad35)")
  (net 26 "Net-(J1-Pad34)")
  (net 27 "Net-(J1-Pad33)")
  (net 28 "Net-(J1-Pad32)")
  (net 29 "Net-(J1-Pad31)")
  (net 30 "Net-(J1-Pad30)")
  (net 31 "Net-(J1-Pad29)")
  (net 32 "Net-(J1-Pad28)")
  (net 33 "Net-(J1-Pad27)")
  (net 34 "Net-(J1-Pad26)")
  (net 35 "Net-(J1-Pad25)")
  (net 36 "Net-(J1-Pad24)")
  (net 37 "Net-(J1-Pad23)")
  (net 38 "Net-(J1-Pad22)")
  (net 39 "Net-(J1-Pad21)")
  (net 40 "Net-(J1-Pad20)")
  (net 41 "Net-(J1-Pad19)")
  (net 42 "Net-(J1-Pad18)")
  (net 43 "Net-(J1-Pad17)")
  (net 44 "Net-(J1-Pad16)")
  (net 45 "Net-(J1-Pad15)")
  (net 46 "Net-(J1-Pad14)")
  (net 47 "Net-(J1-Pad13)")
  (net 48 "Net-(J1-Pad12)")
  (net 49 "Net-(J1-Pad11)")
  (net 50 "Net-(J1-Pad10)")
  (net 51 "Net-(J1-Pad9)")
  (net 52 "Net-(J1-Pad8)")
  (net 53 "Net-(J1-Pad7)")
  (net 54 "Net-(J1-Pad6)")
  (net 55 "Net-(J1-Pad5)")
  (net 56 "Net-(J1-Pad4)")
  (net 57 "Net-(J1-Pad3)")
  (net 58 "Net-(J1-Pad2)")
  (net 59 "Net-(J1-Pad1)")
  (net 60 "Net-(J2-Pad1)")
  (net 61 "Net-(J2-Pad2)")
  (net 62 "Net-(J2-Pad3)")
  (net 63 "Net-(J2-Pad4)")
  (net 64 "Net-(J2-Pad5)")
  (net 65 "Net-(J2-Pad6)")
  (net 66 "Net-(J2-Pad7)")
  (net 67 "Net-(J2-Pad8)")
  (net 68 "Net-(J2-Pad9)")
  (net 69 "Net-(J2-Pad10)")
  (net 70 "Net-(J2-Pad11)")
  (net 71 "Net-(J2-Pad12)")
  (net 72 "Net-(J2-Pad13)")
  (net 73 "Net-(J2-Pad14)")
  (net 74 "Net-(J2-Pad15)")
  (net 75 "Net-(J2-Pad16)")
  (net 76 "Net-(J2-Pad17)")
  (net 77 "Net-(J2-Pad18)")
  (net 78 "Net-(J2-Pad19)")
  (net 79 "Net-(J2-Pad20)")
  (net 80 "Net-(J2-Pad21)")
  (net 81 "Net-(J2-Pad22)")
  (net 82 "Net-(J2-Pad23)")
  (net 83 "Net-(J2-Pad24)")
  (net 84 "Net-(J2-Pad25)")
  (net 85 "Net-(J2-Pad26)")
  (net 86 "Net-(J2-Pad27)")
  (net 87 "Net-(J2-Pad28)")
  (net 88 "Net-(J2-Pad29)")
  (net 89 "Net-(J2-Pad30)")
  (net 90 "Net-(J2-Pad31)")
  (net 91 "Net-(J2-Pad32)")
  (net 92 "Net-(J2-Pad33)")
  (net 93 "Net-(J2-Pad34)")
  (net 94 "Net-(J2-Pad35)")
  (net 95 "Net-(J2-Pad36)")
  (net 96 "Net-(J2-Pad37)")
  (net 97 "Net-(J2-Pad38)")
  (net 98 "Net-(J2-Pad39)")
  (net 99 "Net-(J2-Pad40)")
  (net 100 "Net-(J3-Pad1)")
  (net 101 "Net-(J3-Pad2)")
  (net 102 "Net-(J3-Pad3)")
  (net 103 "Net-(J3-Pad4)")
  (net 104 "Net-(J3-Pad9)")
  (net 105 "Net-(J3-Pad11)")
  (net 106 "Net-(J3-Pad12)")
  (net 107 "Net-(J3-Pad13)")
  (net 108 "Net-(J3-Pad14)")
  (net 109 "Net-(J3-Pad15)")
  (net 110 "Net-(J4-Pad10)")
  (net 111 "Net-(J4-Pad9)")
  (net 112 "Net-(J4-Pad7)")
  (net 113 "Net-(J4-Pad6)")
  (net 114 "Net-(J4-Pad4)")
  (net 115 "Net-(J4-Pad3)")
  (net 116 "Net-(J4-Pad1)")
  (net 117 "Net-(J4-Pad12)")
  (net 118 "Net-(J4-Pad13)")
  (net 119 "Net-(J4-Pad14)")
  (net 120 "Net-(J4-Pad15)")
  (net 121 "Net-(J4-Pad16)")
  (net 122 "Net-(J4-Pad18)")
  (net 123 "Net-(J4-Pad19)")
  (net 124 +5V)
  (net 125 "Net-(J6-Pad6)")
  (net 126 "Net-(J6-Pad2)")
  (net 127 "Net-(J7-Pad2)")
  (net 128 "Net-(J7-Pad6)")
  (net 129 "Net-(JP1-Pad3)")
  (net 130 "Net-(J5-Pad5)")
  (net 131 "Net-(J5-Pad2)")
  (net 132 "Net-(JP2-Pad3)")
  (net 133 /VGA/RED_OUT)
  (net 134 "Net-(R1-Pad2)")
  (net 135 "Net-(R2-Pad1)")
  (net 136 "Net-(R2-Pad2)")
  (net 137 "Net-(R3-Pad1)")
  (net 138 "Net-(R3-Pad2)")
  (net 139 "Net-(R10-Pad2)")
  (net 140 "Net-(R4-Pad2)")
  (net 141 "Net-(R5-Pad2)")
  (net 142 "Net-(R10-Pad1)")
  (net 143 "Net-(R11-Pad1)")
  (net 144 "Net-(R6-Pad2)")
  (net 145 /VGA/GREEN_OUT)
  (net 146 "Net-(R13-Pad2)")
  (net 147 "Net-(R14-Pad1)")
  (net 148 "Net-(R14-Pad2)")
  (net 149 "Net-(R15-Pad1)")
  (net 150 "Net-(R15-Pad2)")
  (net 151 "Net-(R16-Pad2)")
  (net 152 "Net-(R16-Pad1)")
  (net 153 "Net-(R17-Pad2)")
  (net 154 "Net-(R17-Pad1)")
  (net 155 "Net-(R18-Pad1)")
  (net 156 "Net-(R18-Pad2)")
  (net 157 "Net-(R25-Pad2)")
  (net 158 /VGA/BLUE_OUT)
  (net 159 "Net-(R26-Pad2)")
  (net 160 "Net-(R27-Pad1)")
  (net 161 "Net-(R27-Pad2)")
  (net 162 "Net-(R28-Pad1)")
  (net 163 "Net-(R28-Pad2)")
  (net 164 "Net-(R29-Pad1)")
  (net 165 "Net-(R29-Pad2)")
  (net 166 "Net-(R30-Pad2)")
  (net 167 "Net-(R30-Pad1)")
  (net 168 "Net-(R31-Pad1)")
  (net 169 "Net-(R31-Pad2)")
  (net 170 "Net-(R32-Pad2)")
  (net 171 "Net-(R42-Pad2)")
  (net 172 "Net-(R43-Pad2)")
  (net 173 "Net-(R44-Pad2)")
  (net 174 "Net-(R45-Pad2)")
  (net 175 "Net-(R46-Pad2)")
  (net 176 "Net-(R47-Pad2)")
  (net 177 "Net-(R48-Pad2)")
  (net 178 "Net-(R49-Pad2)")
  (net 179 "Net-(R50-Pad2)")
  (net 180 "Net-(R51-Pad2)")
  (net 181 "Net-(R54-Pad2)")
  (net 182 "Net-(R55-Pad2)")
  (net 183 "Net-(R60-Pad2)")
  (net 184 "Net-(R61-Pad2)")
  (net 185 "Net-(R62-Pad2)")
  (net 186 "Net-(R63-Pad2)")
  (net 187 "Net-(U2-Pad3)")
  (net 188 "Net-(U2-Pad4)")
  (net 189 "Net-(U2-Pad5)")
  (net 190 "Net-(U2-Pad6)")
  (net 191 "Net-(U2-Pad7)")
  (net 192 "Net-(U2-Pad8)")
  (net 193 "Net-(U2-Pad9)")
  (net 194 "Net-(U2-Pad10)")
  (net 195 "Net-(U2-Pad11)")
  (net 196 "Net-(U2-Pad15)")
  (net 197 "Net-(U2-Pad16)")
  (net 198 "Net-(U2-Pad17)")
  (net 199 "Net-(U2-Pad18)")
  (net 200 "Net-(U2-Pad19)")
  (net 201 "Net-(U2-Pad20)")
  (net 202 "Net-(U2-Pad21)")
  (net 203 "Net-(U2-Pad22)")
  (net 204 "Net-(U2-Pad23)")
  (net 205 "Net-(U2-Pad24)")
  (net 206 "Net-(U2-Pad41)")
  (net 207 "Net-(U2-Pad42)")
  (net 208 "Net-(U2-Pad43)")
  (net 209 "Net-(U2-Pad44)")
  (net 210 "Net-(U2-Pad45)")
  (net 211 "Net-(U2-Pad46)")
  (net 212 "Net-(U2-Pad47)")
  (net 213 "Net-(U2-Pad48)")
  (net 214 "Net-(U3-Pad1)")
  (net 215 "Net-(U3-Pad2)")
  (net 216 "Net-(U3-Pad3)")
  (net 217 "Net-(U3-Pad4)")
  (net 218 "Net-(J5-Pad4)")
  (net 219 "Net-(J5-Pad3)")

  (net_class Default "This is the default net class."
    (clearance 0.2)
    (trace_width 0.25)
    (via_dia 0.8)
    (via_drill 0.4)
    (uvia_dia 0.3)
    (uvia_drill 0.1)
    (add_net +3V3)
    (add_net +5V)
    (add_net /VGA/BLUE_OUT)
    (add_net /VGA/GREEN_OUT)
    (add_net /VGA/RED_OUT)
    (add_net GND)
    (add_net "Net-(C1-Pad2)")
    (add_net "Net-(C10-Pad1)")
    (add_net "Net-(C11-Pad1)")
    (add_net "Net-(C11-Pad2)")
    (add_net "Net-(C12-Pad1)")
    (add_net "Net-(C12-Pad2)")
    (add_net "Net-(C13-Pad1)")
    (add_net "Net-(C13-Pad2)")
    (add_net "Net-(C2-Pad2)")
    (add_net "Net-(C3-Pad1)")
    (add_net "Net-(C5-Pad1)")
    (add_net "Net-(C6-Pad1)")
    (add_net "Net-(C9-Pad1)")
    (add_net "Net-(D1-Pad3)")
    (add_net "Net-(D2-Pad3)")
    (add_net "Net-(D3-Pad3)")
    (add_net "Net-(D4-Pad3)")
    (add_net "Net-(J1-Pad1)")
    (add_net "Net-(J1-Pad10)")
    (add_net "Net-(J1-Pad11)")
    (add_net "Net-(J1-Pad12)")
    (add_net "Net-(J1-Pad13)")
    (add_net "Net-(J1-Pad14)")
    (add_net "Net-(J1-Pad15)")
    (add_net "Net-(J1-Pad16)")
    (add_net "Net-(J1-Pad17)")
    (add_net "Net-(J1-Pad18)")
    (add_net "Net-(J1-Pad19)")
    (add_net "Net-(J1-Pad2)")
    (add_net "Net-(J1-Pad20)")
    (add_net "Net-(J1-Pad21)")
    (add_net "Net-(J1-Pad22)")
    (add_net "Net-(J1-Pad23)")
    (add_net "Net-(J1-Pad24)")
    (add_net "Net-(J1-Pad25)")
    (add_net "Net-(J1-Pad26)")
    (add_net "Net-(J1-Pad27)")
    (add_net "Net-(J1-Pad28)")
    (add_net "Net-(J1-Pad29)")
    (add_net "Net-(J1-Pad3)")
    (add_net "Net-(J1-Pad30)")
    (add_net "Net-(J1-Pad31)")
    (add_net "Net-(J1-Pad32)")
    (add_net "Net-(J1-Pad33)")
    (add_net "Net-(J1-Pad34)")
    (add_net "Net-(J1-Pad35)")
    (add_net "Net-(J1-Pad36)")
    (add_net "Net-(J1-Pad37)")
    (add_net "Net-(J1-Pad38)")
    (add_net "Net-(J1-Pad39)")
    (add_net "Net-(J1-Pad4)")
    (add_net "Net-(J1-Pad40)")
    (add_net "Net-(J1-Pad5)")
    (add_net "Net-(J1-Pad6)")
    (add_net "Net-(J1-Pad7)")
    (add_net "Net-(J1-Pad8)")
    (add_net "Net-(J1-Pad9)")
    (add_net "Net-(J2-Pad1)")
    (add_net "Net-(J2-Pad10)")
    (add_net "Net-(J2-Pad11)")
    (add_net "Net-(J2-Pad12)")
    (add_net "Net-(J2-Pad13)")
    (add_net "Net-(J2-Pad14)")
    (add_net "Net-(J2-Pad15)")
    (add_net "Net-(J2-Pad16)")
    (add_net "Net-(J2-Pad17)")
    (add_net "Net-(J2-Pad18)")
    (add_net "Net-(J2-Pad19)")
    (add_net "Net-(J2-Pad2)")
    (add_net "Net-(J2-Pad20)")
    (add_net "Net-(J2-Pad21)")
    (add_net "Net-(J2-Pad22)")
    (add_net "Net-(J2-Pad23)")
    (add_net "Net-(J2-Pad24)")
    (add_net "Net-(J2-Pad25)")
    (add_net "Net-(J2-Pad26)")
    (add_net "Net-(J2-Pad27)")
    (add_net "Net-(J2-Pad28)")
    (add_net "Net-(J2-Pad29)")
    (add_net "Net-(J2-Pad3)")
    (add_net "Net-(J2-Pad30)")
    (add_net "Net-(J2-Pad31)")
    (add_net "Net-(J2-Pad32)")
    (add_net "Net-(J2-Pad33)")
    (add_net "Net-(J2-Pad34)")
    (add_net "Net-(J2-Pad35)")
    (add_net "Net-(J2-Pad36)")
    (add_net "Net-(J2-Pad37)")
    (add_net "Net-(J2-Pad38)")
    (add_net "Net-(J2-Pad39)")
    (add_net "Net-(J2-Pad4)")
    (add_net "Net-(J2-Pad40)")
    (add_net "Net-(J2-Pad5)")
    (add_net "Net-(J2-Pad6)")
    (add_net "Net-(J2-Pad7)")
    (add_net "Net-(J2-Pad8)")
    (add_net "Net-(J2-Pad9)")
    (add_net "Net-(J3-Pad1)")
    (add_net "Net-(J3-Pad11)")
    (add_net "Net-(J3-Pad12)")
    (add_net "Net-(J3-Pad13)")
    (add_net "Net-(J3-Pad14)")
    (add_net "Net-(J3-Pad15)")
    (add_net "Net-(J3-Pad2)")
    (add_net "Net-(J3-Pad3)")
    (add_net "Net-(J3-Pad4)")
    (add_net "Net-(J3-Pad9)")
    (add_net "Net-(J4-Pad1)")
    (add_net "Net-(J4-Pad10)")
    (add_net "Net-(J4-Pad12)")
    (add_net "Net-(J4-Pad13)")
    (add_net "Net-(J4-Pad14)")
    (add_net "Net-(J4-Pad15)")
    (add_net "Net-(J4-Pad16)")
    (add_net "Net-(J4-Pad18)")
    (add_net "Net-(J4-Pad19)")
    (add_net "Net-(J4-Pad3)")
    (add_net "Net-(J4-Pad4)")
    (add_net "Net-(J4-Pad6)")
    (add_net "Net-(J4-Pad7)")
    (add_net "Net-(J4-Pad9)")
    (add_net "Net-(J5-Pad2)")
    (add_net "Net-(J5-Pad3)")
    (add_net "Net-(J5-Pad4)")
    (add_net "Net-(J5-Pad5)")
    (add_net "Net-(J6-Pad2)")
    (add_net "Net-(J6-Pad6)")
    (add_net "Net-(J7-Pad2)")
    (add_net "Net-(J7-Pad6)")
    (add_net "Net-(JP1-Pad3)")
    (add_net "Net-(JP2-Pad3)")
    (add_net "Net-(R1-Pad2)")
    (add_net "Net-(R10-Pad1)")
    (add_net "Net-(R10-Pad2)")
    (add_net "Net-(R11-Pad1)")
    (add_net "Net-(R13-Pad2)")
    (add_net "Net-(R14-Pad1)")
    (add_net "Net-(R14-Pad2)")
    (add_net "Net-(R15-Pad1)")
    (add_net "Net-(R15-Pad2)")
    (add_net "Net-(R16-Pad1)")
    (add_net "Net-(R16-Pad2)")
    (add_net "Net-(R17-Pad1)")
    (add_net "Net-(R17-Pad2)")
    (add_net "Net-(R18-Pad1)")
    (add_net "Net-(R18-Pad2)")
    (add_net "Net-(R2-Pad1)")
    (add_net "Net-(R2-Pad2)")
    (add_net "Net-(R25-Pad2)")
    (add_net "Net-(R26-Pad2)")
    (add_net "Net-(R27-Pad1)")
    (add_net "Net-(R27-Pad2)")
    (add_net "Net-(R28-Pad1)")
    (add_net "Net-(R28-Pad2)")
    (add_net "Net-(R29-Pad1)")
    (add_net "Net-(R29-Pad2)")
    (add_net "Net-(R3-Pad1)")
    (add_net "Net-(R3-Pad2)")
    (add_net "Net-(R30-Pad1)")
    (add_net "Net-(R30-Pad2)")
    (add_net "Net-(R31-Pad1)")
    (add_net "Net-(R31-Pad2)")
    (add_net "Net-(R32-Pad2)")
    (add_net "Net-(R4-Pad2)")
    (add_net "Net-(R42-Pad2)")
    (add_net "Net-(R43-Pad2)")
    (add_net "Net-(R44-Pad2)")
    (add_net "Net-(R45-Pad2)")
    (add_net "Net-(R46-Pad2)")
    (add_net "Net-(R47-Pad2)")
    (add_net "Net-(R48-Pad2)")
    (add_net "Net-(R49-Pad2)")
    (add_net "Net-(R5-Pad2)")
    (add_net "Net-(R50-Pad2)")
    (add_net "Net-(R51-Pad2)")
    (add_net "Net-(R54-Pad2)")
    (add_net "Net-(R55-Pad2)")
    (add_net "Net-(R6-Pad2)")
    (add_net "Net-(R60-Pad2)")
    (add_net "Net-(R61-Pad2)")
    (add_net "Net-(R62-Pad2)")
    (add_net "Net-(R63-Pad2)")
    (add_net "Net-(U2-Pad10)")
    (add_net "Net-(U2-Pad11)")
    (add_net "Net-(U2-Pad15)")
    (add_net "Net-(U2-Pad16)")
    (add_net "Net-(U2-Pad17)")
    (add_net "Net-(U2-Pad18)")
    (add_net "Net-(U2-Pad19)")
    (add_net "Net-(U2-Pad20)")
    (add_net "Net-(U2-Pad21)")
    (add_net "Net-(U2-Pad22)")
    (add_net "Net-(U2-Pad23)")
    (add_net "Net-(U2-Pad24)")
    (add_net "Net-(U2-Pad3)")
    (add_net "Net-(U2-Pad4)")
    (add_net "Net-(U2-Pad41)")
    (add_net "Net-(U2-Pad42)")
    (add_net "Net-(U2-Pad43)")
    (add_net "Net-(U2-Pad44)")
    (add_net "Net-(U2-Pad45)")
    (add_net "Net-(U2-Pad46)")
    (add_net "Net-(U2-Pad47)")
    (add_net "Net-(U2-Pad48)")
    (add_net "Net-(U2-Pad5)")
    (add_net "Net-(U2-Pad6)")
    (add_net "Net-(U2-Pad7)")
    (add_net "Net-(U2-Pad8)")
    (add_net "Net-(U2-Pad9)")
    (add_net "Net-(U3-Pad1)")
    (add_net "Net-(U3-Pad2)")
    (add_net "Net-(U3-Pad3)")
    (add_net "Net-(U3-Pad4)")
  )

  (module lt_eval_board:mouse-bite-3mm-slot (layer F.Cu) (tedit 5C14B614) (tstamp 5D0FC4D0)
    (at 188.75 92.25)
    (fp_text reference mouse-bite-3mm-slot (at 0 -2.032) (layer F.SilkS) hide
      (effects (font (size 1 1) (thickness 0.2)))
    )
    (fp_text value VAL** (at 0 2.032) (layer F.SilkS) hide
      (effects (font (size 1 1) (thickness 0.2)))
    )
    (fp_line (start 2.762 0) (end 2.762 0) (layer Eco1.User) (width 2))
    (fp_line (start -2.762 0) (end -2.762 0) (layer Eco1.User) (width 2))
    (fp_circle (center -2.762 0) (end -2.762 -0.06) (layer Dwgs.User) (width 0.05))
    (fp_circle (center 2.794 0) (end 2.854 0) (layer Dwgs.User) (width 0.05))
    (fp_arc (start 2.762 0) (end 2.762 1) (angle 180) (layer F.SilkS) (width 0.1))
    (fp_arc (start -2.762 0) (end -2.762 -1) (angle 180) (layer F.SilkS) (width 0.1))
    (pad "" np_thru_hole circle (at 1.524 0.75) (size 0.5 0.5) (drill 0.5) (layers *.Cu *.Mask))
    (pad "" np_thru_hole circle (at 1.524 -0.75) (size 0.5 0.5) (drill 0.5) (layers *.Cu *.Mask))
    (pad "" np_thru_hole circle (at 0.762 -0.75) (size 0.5 0.5) (drill 0.5) (layers *.Cu *.Mask))
    (pad "" np_thru_hole circle (at 0.762 0.75) (size 0.5 0.5) (drill 0.5) (layers *.Cu *.Mask))
    (pad "" np_thru_hole circle (at -0.012 0.75) (size 0.5 0.5) (drill 0.5) (layers *.Cu *.Mask))
    (pad "" np_thru_hole circle (at -1.512 0.75) (size 0.5 0.5) (drill 0.5) (layers *.Cu *.Mask))
    (pad "" np_thru_hole circle (at -1.512 -0.75) (size 0.5 0.5) (drill 0.5) (layers *.Cu *.Mask))
    (pad "" np_thru_hole circle (at -0.012 -0.75) (size 0.5 0.5) (drill 0.5) (layers *.Cu *.Mask))
    (pad "" np_thru_hole circle (at -0.762 0.75) (size 0.5 0.5) (drill 0.5) (layers *.Cu *.Mask))
    (pad "" np_thru_hole circle (at -0.762 -0.75) (size 0.5 0.5) (drill 0.5) (layers *.Cu *.Mask))
  )

  (module lt_eval_board:mouse-bite-3mm-slot (layer F.Cu) (tedit 5C14B614) (tstamp 5D0FC421)
    (at 201.75 92.25)
    (fp_text reference mouse-bite-3mm-slot (at 0 -2.032) (layer F.SilkS) hide
      (effects (font (size 1 1) (thickness 0.2)))
    )
    (fp_text value VAL** (at 0 2.032) (layer F.SilkS) hide
      (effects (font (size 1 1) (thickness 0.2)))
    )
    (fp_line (start 2.762 0) (end 2.762 0) (layer Eco1.User) (width 2))
    (fp_line (start -2.762 0) (end -2.762 0) (layer Eco1.User) (width 2))
    (fp_circle (center -2.762 0) (end -2.762 -0.06) (layer Dwgs.User) (width 0.05))
    (fp_circle (center 2.794 0) (end 2.854 0) (layer Dwgs.User) (width 0.05))
    (fp_arc (start 2.762 0) (end 2.762 1) (angle 180) (layer F.SilkS) (width 0.1))
    (fp_arc (start -2.762 0) (end -2.762 -1) (angle 180) (layer F.SilkS) (width 0.1))
    (pad "" np_thru_hole circle (at 1.524 0.75) (size 0.5 0.5) (drill 0.5) (layers *.Cu *.Mask))
    (pad "" np_thru_hole circle (at 1.524 -0.75) (size 0.5 0.5) (drill 0.5) (layers *.Cu *.Mask))
    (pad "" np_thru_hole circle (at 0.762 -0.75) (size 0.5 0.5) (drill 0.5) (layers *.Cu *.Mask))
    (pad "" np_thru_hole circle (at 0.762 0.75) (size 0.5 0.5) (drill 0.5) (layers *.Cu *.Mask))
    (pad "" np_thru_hole circle (at -0.012 0.75) (size 0.5 0.5) (drill 0.5) (layers *.Cu *.Mask))
    (pad "" np_thru_hole circle (at -1.512 0.75) (size 0.5 0.5) (drill 0.5) (layers *.Cu *.Mask))
    (pad "" np_thru_hole circle (at -1.512 -0.75) (size 0.5 0.5) (drill 0.5) (layers *.Cu *.Mask))
    (pad "" np_thru_hole circle (at -0.012 -0.75) (size 0.5 0.5) (drill 0.5) (layers *.Cu *.Mask))
    (pad "" np_thru_hole circle (at -0.762 0.75) (size 0.5 0.5) (drill 0.5) (layers *.Cu *.Mask))
    (pad "" np_thru_hole circle (at -0.762 -0.75) (size 0.5 0.5) (drill 0.5) (layers *.Cu *.Mask))
  )

  (module MountingHole:MountingHole_3.2mm_M3_ISO7380_Pad (layer F.Cu) (tedit 56D1B4CB) (tstamp 5D0FBA95)
    (at 119 141)
    (descr "Mounting Hole 3.2mm, M3, ISO7380")
    (tags "mounting hole 3.2mm m3 iso7380")
    (attr virtual)
    (fp_text reference REF** (at 0 -3.85) (layer F.SilkS) hide
      (effects (font (size 1 1) (thickness 0.15)))
    )
    (fp_text value MountingHole_3.2mm_M3_ISO7380_Pad (at 0 3.85) (layer F.Fab)
      (effects (font (size 1 1) (thickness 0.15)))
    )
    (fp_circle (center 0 0) (end 3.1 0) (layer F.CrtYd) (width 0.05))
    (fp_circle (center 0 0) (end 2.85 0) (layer Cmts.User) (width 0.15))
    (fp_text user %R (at 0.3 0) (layer F.Fab)
      (effects (font (size 1 1) (thickness 0.15)))
    )
    (pad 1 thru_hole circle (at 0 0) (size 5.7 5.7) (drill 3.2) (layers *.Cu *.Mask))
  )

  (module MountingHole:MountingHole_3.2mm_M3_ISO7380_Pad (layer F.Cu) (tedit 56D1B4CB) (tstamp 5D0FBA7F)
    (at 119 49)
    (descr "Mounting Hole 3.2mm, M3, ISO7380")
    (tags "mounting hole 3.2mm m3 iso7380")
    (attr virtual)
    (fp_text reference REF** (at 0 -3.85) (layer F.SilkS) hide
      (effects (font (size 1 1) (thickness 0.15)))
    )
    (fp_text value MountingHole_3.2mm_M3_ISO7380_Pad (at 0 3.85) (layer F.Fab)
      (effects (font (size 1 1) (thickness 0.15)))
    )
    (fp_circle (center 0 0) (end 3.1 0) (layer F.CrtYd) (width 0.05))
    (fp_circle (center 0 0) (end 2.85 0) (layer Cmts.User) (width 0.15))
    (fp_text user %R (at 0.3 0) (layer F.Fab)
      (effects (font (size 1 1) (thickness 0.15)))
    )
    (pad 1 thru_hole circle (at 0 0) (size 5.7 5.7) (drill 3.2) (layers *.Cu *.Mask))
  )

  (module MountingHole:MountingHole_3.2mm_M3_ISO7380_Pad (layer F.Cu) (tedit 56D1B4CB) (tstamp 5D0FBA5A)
    (at 211 49)
    (descr "Mounting Hole 3.2mm, M3, ISO7380")
    (tags "mounting hole 3.2mm m3 iso7380")
    (attr virtual)
    (fp_text reference REF** (at 0 -3.85) (layer F.SilkS) hide
      (effects (font (size 1 1) (thickness 0.15)))
    )
    (fp_text value MountingHole_3.2mm_M3_ISO7380_Pad (at 0 3.85) (layer F.Fab)
      (effects (font (size 1 1) (thickness 0.15)))
    )
    (fp_circle (center 0 0) (end 3.1 0) (layer F.CrtYd) (width 0.05))
    (fp_circle (center 0 0) (end 2.85 0) (layer Cmts.User) (width 0.15))
    (fp_text user %R (at 0.3 0) (layer F.Fab)
      (effects (font (size 1 1) (thickness 0.15)))
    )
    (pad 1 thru_hole circle (at 0 0) (size 5.7 5.7) (drill 3.2) (layers *.Cu *.Mask))
  )

  (module Capacitor_SMD:C_0805_2012Metric_Pad1.15x1.40mm_HandSolder (layer F.Cu) (tedit 5B36C52B) (tstamp 5D101244)
    (at 24.895001 145.235001)
    (descr "Capacitor SMD 0805 (2012 Metric), square (rectangular) end terminal, IPC_7351 nominal with elongated pad for handsoldering. (Body size source: https://docs.google.com/spreadsheets/d/1BsfQQcO9C6DZCsRaXUlFlo91Tg2WpOkGARC1WS5S8t0/edit?usp=sharing), generated with kicad-footprint-generator")
    (tags "capacitor handsolder")
    (path /5D06789A/5D2E50B4)
    (attr smd)
    (fp_text reference C1 (at 0 -1.65) (layer F.SilkS)
      (effects (font (size 1 1) (thickness 0.15)))
    )
    (fp_text value 0.1uF (at 0 1.65) (layer F.Fab)
      (effects (font (size 1 1) (thickness 0.15)))
    )
    (fp_text user %R (at 0 0) (layer F.Fab)
      (effects (font (size 0.5 0.5) (thickness 0.08)))
    )
    (fp_line (start 1.85 0.95) (end -1.85 0.95) (layer F.CrtYd) (width 0.05))
    (fp_line (start 1.85 -0.95) (end 1.85 0.95) (layer F.CrtYd) (width 0.05))
    (fp_line (start -1.85 -0.95) (end 1.85 -0.95) (layer F.CrtYd) (width 0.05))
    (fp_line (start -1.85 0.95) (end -1.85 -0.95) (layer F.CrtYd) (width 0.05))
    (fp_line (start -0.261252 0.71) (end 0.261252 0.71) (layer F.SilkS) (width 0.12))
    (fp_line (start -0.261252 -0.71) (end 0.261252 -0.71) (layer F.SilkS) (width 0.12))
    (fp_line (start 1 0.6) (end -1 0.6) (layer F.Fab) (width 0.1))
    (fp_line (start 1 -0.6) (end 1 0.6) (layer F.Fab) (width 0.1))
    (fp_line (start -1 -0.6) (end 1 -0.6) (layer F.Fab) (width 0.1))
    (fp_line (start -1 0.6) (end -1 -0.6) (layer F.Fab) (width 0.1))
    (pad 2 smd roundrect (at 1.025 0) (size 1.15 1.4) (layers F.Cu F.Paste F.Mask) (roundrect_rratio 0.217391)
      (net 1 "Net-(C1-Pad2)"))
    (pad 1 smd roundrect (at -1.025 0) (size 1.15 1.4) (layers F.Cu F.Paste F.Mask) (roundrect_rratio 0.217391)
      (net 2 +3V3))
    (model ${KISYS3DMOD}/Capacitor_SMD.3dshapes/C_0805_2012Metric.wrl
      (at (xyz 0 0 0))
      (scale (xyz 1 1 1))
      (rotate (xyz 0 0 0))
    )
  )

  (module Capacitor_SMD:C_0805_2012Metric_Pad1.15x1.40mm_HandSolder (layer F.Cu) (tedit 5B36C52B) (tstamp 5D101255)
    (at 48.645001 145.235001)
    (descr "Capacitor SMD 0805 (2012 Metric), square (rectangular) end terminal, IPC_7351 nominal with elongated pad for handsoldering. (Body size source: https://docs.google.com/spreadsheets/d/1BsfQQcO9C6DZCsRaXUlFlo91Tg2WpOkGARC1WS5S8t0/edit?usp=sharing), generated with kicad-footprint-generator")
    (tags "capacitor handsolder")
    (path /5D06789A/5D2E5594)
    (attr smd)
    (fp_text reference C2 (at 0 -1.65) (layer F.SilkS)
      (effects (font (size 1 1) (thickness 0.15)))
    )
    (fp_text value 0.1uF (at 0 1.65) (layer F.Fab)
      (effects (font (size 1 1) (thickness 0.15)))
    )
    (fp_line (start -1 0.6) (end -1 -0.6) (layer F.Fab) (width 0.1))
    (fp_line (start -1 -0.6) (end 1 -0.6) (layer F.Fab) (width 0.1))
    (fp_line (start 1 -0.6) (end 1 0.6) (layer F.Fab) (width 0.1))
    (fp_line (start 1 0.6) (end -1 0.6) (layer F.Fab) (width 0.1))
    (fp_line (start -0.261252 -0.71) (end 0.261252 -0.71) (layer F.SilkS) (width 0.12))
    (fp_line (start -0.261252 0.71) (end 0.261252 0.71) (layer F.SilkS) (width 0.12))
    (fp_line (start -1.85 0.95) (end -1.85 -0.95) (layer F.CrtYd) (width 0.05))
    (fp_line (start -1.85 -0.95) (end 1.85 -0.95) (layer F.CrtYd) (width 0.05))
    (fp_line (start 1.85 -0.95) (end 1.85 0.95) (layer F.CrtYd) (width 0.05))
    (fp_line (start 1.85 0.95) (end -1.85 0.95) (layer F.CrtYd) (width 0.05))
    (fp_text user %R (at 0 0) (layer F.Fab)
      (effects (font (size 0.5 0.5) (thickness 0.08)))
    )
    (pad 1 smd roundrect (at -1.025 0) (size 1.15 1.4) (layers F.Cu F.Paste F.Mask) (roundrect_rratio 0.217391)
      (net 2 +3V3))
    (pad 2 smd roundrect (at 1.025 0) (size 1.15 1.4) (layers F.Cu F.Paste F.Mask) (roundrect_rratio 0.217391)
      (net 3 "Net-(C2-Pad2)"))
    (model ${KISYS3DMOD}/Capacitor_SMD.3dshapes/C_0805_2012Metric.wrl
      (at (xyz 0 0 0))
      (scale (xyz 1 1 1))
      (rotate (xyz 0 0 0))
    )
  )

  (module Capacitor_SMD:C_0805_2012Metric_Pad1.15x1.40mm_HandSolder (layer F.Cu) (tedit 5B36C52B) (tstamp 5D101266)
    (at 78.915001 91.965001)
    (descr "Capacitor SMD 0805 (2012 Metric), square (rectangular) end terminal, IPC_7351 nominal with elongated pad for handsoldering. (Body size source: https://docs.google.com/spreadsheets/d/1BsfQQcO9C6DZCsRaXUlFlo91Tg2WpOkGARC1WS5S8t0/edit?usp=sharing), generated with kicad-footprint-generator")
    (tags "capacitor handsolder")
    (path /5D067936/5D3334AD)
    (attr smd)
    (fp_text reference C3 (at 0 -1.65) (layer F.SilkS)
      (effects (font (size 1 1) (thickness 0.15)))
    )
    (fp_text value 0.1uF (at 0 1.65) (layer F.Fab)
      (effects (font (size 1 1) (thickness 0.15)))
    )
    (fp_text user %R (at 0 0) (layer F.Fab)
      (effects (font (size 0.5 0.5) (thickness 0.08)))
    )
    (fp_line (start 1.85 0.95) (end -1.85 0.95) (layer F.CrtYd) (width 0.05))
    (fp_line (start 1.85 -0.95) (end 1.85 0.95) (layer F.CrtYd) (width 0.05))
    (fp_line (start -1.85 -0.95) (end 1.85 -0.95) (layer F.CrtYd) (width 0.05))
    (fp_line (start -1.85 0.95) (end -1.85 -0.95) (layer F.CrtYd) (width 0.05))
    (fp_line (start -0.261252 0.71) (end 0.261252 0.71) (layer F.SilkS) (width 0.12))
    (fp_line (start -0.261252 -0.71) (end 0.261252 -0.71) (layer F.SilkS) (width 0.12))
    (fp_line (start 1 0.6) (end -1 0.6) (layer F.Fab) (width 0.1))
    (fp_line (start 1 -0.6) (end 1 0.6) (layer F.Fab) (width 0.1))
    (fp_line (start -1 -0.6) (end 1 -0.6) (layer F.Fab) (width 0.1))
    (fp_line (start -1 0.6) (end -1 -0.6) (layer F.Fab) (width 0.1))
    (pad 2 smd roundrect (at 1.025 0) (size 1.15 1.4) (layers F.Cu F.Paste F.Mask) (roundrect_rratio 0.217391)
      (net 4 GND))
    (pad 1 smd roundrect (at -1.025 0) (size 1.15 1.4) (layers F.Cu F.Paste F.Mask) (roundrect_rratio 0.217391)
      (net 5 "Net-(C3-Pad1)"))
    (model ${KISYS3DMOD}/Capacitor_SMD.3dshapes/C_0805_2012Metric.wrl
      (at (xyz 0 0 0))
      (scale (xyz 1 1 1))
      (rotate (xyz 0 0 0))
    )
  )

  (module Capacitor_SMD:C_0805_2012Metric_Pad1.15x1.40mm_HandSolder (layer F.Cu) (tedit 5B36C52B) (tstamp 5D101277)
    (at 63.765001 94.545001)
    (descr "Capacitor SMD 0805 (2012 Metric), square (rectangular) end terminal, IPC_7351 nominal with elongated pad for handsoldering. (Body size source: https://docs.google.com/spreadsheets/d/1BsfQQcO9C6DZCsRaXUlFlo91Tg2WpOkGARC1WS5S8t0/edit?usp=sharing), generated with kicad-footprint-generator")
    (tags "capacitor handsolder")
    (path /5D067936/5D333188)
    (attr smd)
    (fp_text reference C4 (at 0 -1.65) (layer F.SilkS)
      (effects (font (size 1 1) (thickness 0.15)))
    )
    (fp_text value 3.3uF (at 0 1.65) (layer F.Fab)
      (effects (font (size 1 1) (thickness 0.15)))
    )
    (fp_line (start -1 0.6) (end -1 -0.6) (layer F.Fab) (width 0.1))
    (fp_line (start -1 -0.6) (end 1 -0.6) (layer F.Fab) (width 0.1))
    (fp_line (start 1 -0.6) (end 1 0.6) (layer F.Fab) (width 0.1))
    (fp_line (start 1 0.6) (end -1 0.6) (layer F.Fab) (width 0.1))
    (fp_line (start -0.261252 -0.71) (end 0.261252 -0.71) (layer F.SilkS) (width 0.12))
    (fp_line (start -0.261252 0.71) (end 0.261252 0.71) (layer F.SilkS) (width 0.12))
    (fp_line (start -1.85 0.95) (end -1.85 -0.95) (layer F.CrtYd) (width 0.05))
    (fp_line (start -1.85 -0.95) (end 1.85 -0.95) (layer F.CrtYd) (width 0.05))
    (fp_line (start 1.85 -0.95) (end 1.85 0.95) (layer F.CrtYd) (width 0.05))
    (fp_line (start 1.85 0.95) (end -1.85 0.95) (layer F.CrtYd) (width 0.05))
    (fp_text user %R (at 0 0) (layer F.Fab)
      (effects (font (size 0.5 0.5) (thickness 0.08)))
    )
    (pad 1 smd roundrect (at -1.025 0) (size 1.15 1.4) (layers F.Cu F.Paste F.Mask) (roundrect_rratio 0.217391)
      (net 5 "Net-(C3-Pad1)"))
    (pad 2 smd roundrect (at 1.025 0) (size 1.15 1.4) (layers F.Cu F.Paste F.Mask) (roundrect_rratio 0.217391)
      (net 4 GND))
    (model ${KISYS3DMOD}/Capacitor_SMD.3dshapes/C_0805_2012Metric.wrl
      (at (xyz 0 0 0))
      (scale (xyz 1 1 1))
      (rotate (xyz 0 0 0))
    )
  )

  (module Capacitor_SMD:C_0805_2012Metric_Pad1.15x1.40mm_HandSolder (layer F.Cu) (tedit 5B36C52B) (tstamp 5D101288)
    (at 85.865001 86.065001)
    (descr "Capacitor SMD 0805 (2012 Metric), square (rectangular) end terminal, IPC_7351 nominal with elongated pad for handsoldering. (Body size source: https://docs.google.com/spreadsheets/d/1BsfQQcO9C6DZCsRaXUlFlo91Tg2WpOkGARC1WS5S8t0/edit?usp=sharing), generated with kicad-footprint-generator")
    (tags "capacitor handsolder")
    (path /5D067936/5D0A15AD)
    (attr smd)
    (fp_text reference C5 (at 0 -1.65) (layer F.SilkS)
      (effects (font (size 1 1) (thickness 0.15)))
    )
    (fp_text value 10uF (at 0 1.65) (layer F.Fab)
      (effects (font (size 1 1) (thickness 0.15)))
    )
    (fp_line (start -1 0.6) (end -1 -0.6) (layer F.Fab) (width 0.1))
    (fp_line (start -1 -0.6) (end 1 -0.6) (layer F.Fab) (width 0.1))
    (fp_line (start 1 -0.6) (end 1 0.6) (layer F.Fab) (width 0.1))
    (fp_line (start 1 0.6) (end -1 0.6) (layer F.Fab) (width 0.1))
    (fp_line (start -0.261252 -0.71) (end 0.261252 -0.71) (layer F.SilkS) (width 0.12))
    (fp_line (start -0.261252 0.71) (end 0.261252 0.71) (layer F.SilkS) (width 0.12))
    (fp_line (start -1.85 0.95) (end -1.85 -0.95) (layer F.CrtYd) (width 0.05))
    (fp_line (start -1.85 -0.95) (end 1.85 -0.95) (layer F.CrtYd) (width 0.05))
    (fp_line (start 1.85 -0.95) (end 1.85 0.95) (layer F.CrtYd) (width 0.05))
    (fp_line (start 1.85 0.95) (end -1.85 0.95) (layer F.CrtYd) (width 0.05))
    (fp_text user %R (at 0 0) (layer F.Fab)
      (effects (font (size 0.5 0.5) (thickness 0.08)))
    )
    (pad 1 smd roundrect (at -1.025 0) (size 1.15 1.4) (layers F.Cu F.Paste F.Mask) (roundrect_rratio 0.217391)
      (net 6 "Net-(C5-Pad1)"))
    (pad 2 smd roundrect (at 1.025 0) (size 1.15 1.4) (layers F.Cu F.Paste F.Mask) (roundrect_rratio 0.217391)
      (net 4 GND))
    (model ${KISYS3DMOD}/Capacitor_SMD.3dshapes/C_0805_2012Metric.wrl
      (at (xyz 0 0 0))
      (scale (xyz 1 1 1))
      (rotate (xyz 0 0 0))
    )
  )

  (module Capacitor_SMD:C_0805_2012Metric_Pad1.15x1.40mm_HandSolder (layer F.Cu) (tedit 5B36C52B) (tstamp 5D101299)
    (at 76.365001 86.065001)
    (descr "Capacitor SMD 0805 (2012 Metric), square (rectangular) end terminal, IPC_7351 nominal with elongated pad for handsoldering. (Body size source: https://docs.google.com/spreadsheets/d/1BsfQQcO9C6DZCsRaXUlFlo91Tg2WpOkGARC1WS5S8t0/edit?usp=sharing), generated with kicad-footprint-generator")
    (tags "capacitor handsolder")
    (path /5D067936/5D36C27B)
    (attr smd)
    (fp_text reference C6 (at 0 -1.65) (layer F.SilkS)
      (effects (font (size 1 1) (thickness 0.15)))
    )
    (fp_text value 10nF (at 0 1.65) (layer F.Fab)
      (effects (font (size 1 1) (thickness 0.15)))
    )
    (fp_line (start -1 0.6) (end -1 -0.6) (layer F.Fab) (width 0.1))
    (fp_line (start -1 -0.6) (end 1 -0.6) (layer F.Fab) (width 0.1))
    (fp_line (start 1 -0.6) (end 1 0.6) (layer F.Fab) (width 0.1))
    (fp_line (start 1 0.6) (end -1 0.6) (layer F.Fab) (width 0.1))
    (fp_line (start -0.261252 -0.71) (end 0.261252 -0.71) (layer F.SilkS) (width 0.12))
    (fp_line (start -0.261252 0.71) (end 0.261252 0.71) (layer F.SilkS) (width 0.12))
    (fp_line (start -1.85 0.95) (end -1.85 -0.95) (layer F.CrtYd) (width 0.05))
    (fp_line (start -1.85 -0.95) (end 1.85 -0.95) (layer F.CrtYd) (width 0.05))
    (fp_line (start 1.85 -0.95) (end 1.85 0.95) (layer F.CrtYd) (width 0.05))
    (fp_line (start 1.85 0.95) (end -1.85 0.95) (layer F.CrtYd) (width 0.05))
    (fp_text user %R (at 0 0) (layer F.Fab)
      (effects (font (size 0.5 0.5) (thickness 0.08)))
    )
    (pad 1 smd roundrect (at -1.025 0) (size 1.15 1.4) (layers F.Cu F.Paste F.Mask) (roundrect_rratio 0.217391)
      (net 7 "Net-(C6-Pad1)"))
    (pad 2 smd roundrect (at 1.025 0) (size 1.15 1.4) (layers F.Cu F.Paste F.Mask) (roundrect_rratio 0.217391)
      (net 4 GND))
    (model ${KISYS3DMOD}/Capacitor_SMD.3dshapes/C_0805_2012Metric.wrl
      (at (xyz 0 0 0))
      (scale (xyz 1 1 1))
      (rotate (xyz 0 0 0))
    )
  )

  (module Capacitor_SMD:C_0805_2012Metric_Pad1.15x1.40mm_HandSolder (layer F.Cu) (tedit 5B36C52B) (tstamp 5D1012AA)
    (at 63.765001 97.495001)
    (descr "Capacitor SMD 0805 (2012 Metric), square (rectangular) end terminal, IPC_7351 nominal with elongated pad for handsoldering. (Body size source: https://docs.google.com/spreadsheets/d/1BsfQQcO9C6DZCsRaXUlFlo91Tg2WpOkGARC1WS5S8t0/edit?usp=sharing), generated with kicad-footprint-generator")
    (tags "capacitor handsolder")
    (path /5D067936/5D306893)
    (attr smd)
    (fp_text reference C7 (at 0 -1.65) (layer F.SilkS)
      (effects (font (size 1 1) (thickness 0.15)))
    )
    (fp_text value 1uF (at 0 1.65) (layer F.Fab)
      (effects (font (size 1 1) (thickness 0.15)))
    )
    (fp_text user %R (at 0 0) (layer F.Fab)
      (effects (font (size 0.5 0.5) (thickness 0.08)))
    )
    (fp_line (start 1.85 0.95) (end -1.85 0.95) (layer F.CrtYd) (width 0.05))
    (fp_line (start 1.85 -0.95) (end 1.85 0.95) (layer F.CrtYd) (width 0.05))
    (fp_line (start -1.85 -0.95) (end 1.85 -0.95) (layer F.CrtYd) (width 0.05))
    (fp_line (start -1.85 0.95) (end -1.85 -0.95) (layer F.CrtYd) (width 0.05))
    (fp_line (start -0.261252 0.71) (end 0.261252 0.71) (layer F.SilkS) (width 0.12))
    (fp_line (start -0.261252 -0.71) (end 0.261252 -0.71) (layer F.SilkS) (width 0.12))
    (fp_line (start 1 0.6) (end -1 0.6) (layer F.Fab) (width 0.1))
    (fp_line (start 1 -0.6) (end 1 0.6) (layer F.Fab) (width 0.1))
    (fp_line (start -1 -0.6) (end 1 -0.6) (layer F.Fab) (width 0.1))
    (fp_line (start -1 0.6) (end -1 -0.6) (layer F.Fab) (width 0.1))
    (pad 2 smd roundrect (at 1.025 0) (size 1.15 1.4) (layers F.Cu F.Paste F.Mask) (roundrect_rratio 0.217391)
      (net 4 GND))
    (pad 1 smd roundrect (at -1.025 0) (size 1.15 1.4) (layers F.Cu F.Paste F.Mask) (roundrect_rratio 0.217391)
      (net 8 "Net-(C10-Pad1)"))
    (model ${KISYS3DMOD}/Capacitor_SMD.3dshapes/C_0805_2012Metric.wrl
      (at (xyz 0 0 0))
      (scale (xyz 1 1 1))
      (rotate (xyz 0 0 0))
    )
  )

  (module Capacitor_SMD:C_0805_2012Metric_Pad1.15x1.40mm_HandSolder (layer F.Cu) (tedit 5B36C52B) (tstamp 5D1012BB)
    (at 68.515001 94.545001)
    (descr "Capacitor SMD 0805 (2012 Metric), square (rectangular) end terminal, IPC_7351 nominal with elongated pad for handsoldering. (Body size source: https://docs.google.com/spreadsheets/d/1BsfQQcO9C6DZCsRaXUlFlo91Tg2WpOkGARC1WS5S8t0/edit?usp=sharing), generated with kicad-footprint-generator")
    (tags "capacitor handsolder")
    (path /5D067936/5D37AB97)
    (attr smd)
    (fp_text reference C8 (at 0 -1.65) (layer F.SilkS)
      (effects (font (size 1 1) (thickness 0.15)))
    )
    (fp_text value 10nF (at 0 1.65) (layer F.Fab)
      (effects (font (size 1 1) (thickness 0.15)))
    )
    (fp_line (start -1 0.6) (end -1 -0.6) (layer F.Fab) (width 0.1))
    (fp_line (start -1 -0.6) (end 1 -0.6) (layer F.Fab) (width 0.1))
    (fp_line (start 1 -0.6) (end 1 0.6) (layer F.Fab) (width 0.1))
    (fp_line (start 1 0.6) (end -1 0.6) (layer F.Fab) (width 0.1))
    (fp_line (start -0.261252 -0.71) (end 0.261252 -0.71) (layer F.SilkS) (width 0.12))
    (fp_line (start -0.261252 0.71) (end 0.261252 0.71) (layer F.SilkS) (width 0.12))
    (fp_line (start -1.85 0.95) (end -1.85 -0.95) (layer F.CrtYd) (width 0.05))
    (fp_line (start -1.85 -0.95) (end 1.85 -0.95) (layer F.CrtYd) (width 0.05))
    (fp_line (start 1.85 -0.95) (end 1.85 0.95) (layer F.CrtYd) (width 0.05))
    (fp_line (start 1.85 0.95) (end -1.85 0.95) (layer F.CrtYd) (width 0.05))
    (fp_text user %R (at 0 0) (layer F.Fab)
      (effects (font (size 0.5 0.5) (thickness 0.08)))
    )
    (pad 1 smd roundrect (at -1.025 0) (size 1.15 1.4) (layers F.Cu F.Paste F.Mask) (roundrect_rratio 0.217391)
      (net 4 GND))
    (pad 2 smd roundrect (at 1.025 0) (size 1.15 1.4) (layers F.Cu F.Paste F.Mask) (roundrect_rratio 0.217391)
      (net 9 "Net-(C12-Pad2)"))
    (model ${KISYS3DMOD}/Capacitor_SMD.3dshapes/C_0805_2012Metric.wrl
      (at (xyz 0 0 0))
      (scale (xyz 1 1 1))
      (rotate (xyz 0 0 0))
    )
  )

  (module Capacitor_SMD:C_0805_2012Metric_Pad1.15x1.40mm_HandSolder (layer F.Cu) (tedit 5B36C52B) (tstamp 5D1012CC)
    (at 74.165001 89.895001)
    (descr "Capacitor SMD 0805 (2012 Metric), square (rectangular) end terminal, IPC_7351 nominal with elongated pad for handsoldering. (Body size source: https://docs.google.com/spreadsheets/d/1BsfQQcO9C6DZCsRaXUlFlo91Tg2WpOkGARC1WS5S8t0/edit?usp=sharing), generated with kicad-footprint-generator")
    (tags "capacitor handsolder")
    (path /5D067936/5D36BD4D)
    (attr smd)
    (fp_text reference C9 (at 0 -1.65) (layer F.SilkS)
      (effects (font (size 1 1) (thickness 0.15)))
    )
    (fp_text value 4.7uF (at 0 1.65) (layer F.Fab)
      (effects (font (size 1 1) (thickness 0.15)))
    )
    (fp_text user %R (at 0 0) (layer F.Fab)
      (effects (font (size 0.5 0.5) (thickness 0.08)))
    )
    (fp_line (start 1.85 0.95) (end -1.85 0.95) (layer F.CrtYd) (width 0.05))
    (fp_line (start 1.85 -0.95) (end 1.85 0.95) (layer F.CrtYd) (width 0.05))
    (fp_line (start -1.85 -0.95) (end 1.85 -0.95) (layer F.CrtYd) (width 0.05))
    (fp_line (start -1.85 0.95) (end -1.85 -0.95) (layer F.CrtYd) (width 0.05))
    (fp_line (start -0.261252 0.71) (end 0.261252 0.71) (layer F.SilkS) (width 0.12))
    (fp_line (start -0.261252 -0.71) (end 0.261252 -0.71) (layer F.SilkS) (width 0.12))
    (fp_line (start 1 0.6) (end -1 0.6) (layer F.Fab) (width 0.1))
    (fp_line (start 1 -0.6) (end 1 0.6) (layer F.Fab) (width 0.1))
    (fp_line (start -1 -0.6) (end 1 -0.6) (layer F.Fab) (width 0.1))
    (fp_line (start -1 0.6) (end -1 -0.6) (layer F.Fab) (width 0.1))
    (pad 2 smd roundrect (at 1.025 0) (size 1.15 1.4) (layers F.Cu F.Paste F.Mask) (roundrect_rratio 0.217391)
      (net 7 "Net-(C6-Pad1)"))
    (pad 1 smd roundrect (at -1.025 0) (size 1.15 1.4) (layers F.Cu F.Paste F.Mask) (roundrect_rratio 0.217391)
      (net 10 "Net-(C9-Pad1)"))
    (model ${KISYS3DMOD}/Capacitor_SMD.3dshapes/C_0805_2012Metric.wrl
      (at (xyz 0 0 0))
      (scale (xyz 1 1 1))
      (rotate (xyz 0 0 0))
    )
  )

  (module Capacitor_SMD:C_0805_2012Metric_Pad1.15x1.40mm_HandSolder (layer F.Cu) (tedit 5B36C52B) (tstamp 5D1012DD)
    (at 81.115001 86.065001)
